[0, (0.0, 0.0, 0.0, -1.5708, 0.0, 0.0, 0.0, 0.0, 0.0), 
(7.286683835216214e-10, 5.240682922517879e-05, -2.08701360360997e-05, -1.5708689468252763, -7.829999843116976e-05, 0.0002617422645931052, 0.0001487593877742079, 0.0, 0.0), 
(7.328466073606563e-08, 0.005270733281247403, -0.0020989806522540323, -1.5777342170093693, -0.007874897484820653, 0.02632431088651189, 0.014961238213259422, 0.0, 0.0), 
(1.4579304842725464e-07, 0.010485635940753892, -0.004175727700835795, -1.5845949828258472, -0.015666379551090768, 0.05236977961477531, 0.029763998433630822, 0.0, 0.0), 
(2.1826379427938217e-07, 0.015697831347584092, -0.006251396631689897, -1.5914521869600022, -0.023453816765126163, 0.07840172715778874, 0.044559073982812815, 0.0, 0.0), 
(2.907326757267557e-07, 0.020909892663868085, -0.008327012163245055, -1.5983092146836093, -0.031241053637150545, 0.1044330049948928, 0.0593537689093192, 0.0, 0.0), 
(3.632841484200302e-07, 0.02612789405579871, -0.010404993229762786, -1.6051740572161601, -0.03903716545773962, 0.1304939501267863, 0.07416532503558886, 0.0, 0.0), 
(5.076227447581461e-07, 0.03650892380809234, -0.014539063279951506, -1.6188314193405602, -0.05454725498874283, 0.18234128140681505, 0.10363239360754307, 0.0, 0.0), 
(6.840622917104342e-07, 0.04919869794239455, -0.01959255184939592, -1.6355261832285761, -0.07350679345916766, 0.24571947597027255, 0.13965294778189907, 0.0, 0.0), 
(8.878112694169593e-07, 0.0638526037806925, -0.0254282227500605, -1.6548049738058093, -0.09540090193917417, 0.31890738975856653, 0.1812487873553942, 0.0, 0.0), 
(1.1155861407275154e-06, 0.08023448482906269, -0.03195203064039605, -1.6763571017829981, -0.11987674372070144, 0.40072555558332135, 0.22774957039026278, 0.0, 0.0), 
(1.3790360410583348e-06, 0.09918216287885137, -0.03949762392115346, -1.7012848119155441, -0.14818609163408308, 0.49535841612566495, 0.28153349565539115, 0.0, 0.0), 
(1.6632326738432516e-06, 0.11962197437272834, -0.04763743418512753, -1.7281755842172681, -0.1787248063696627, 0.5974436334029041, 0.339552915815016, 0.0, 0.0), 
(1.972473930450206e-06, 0.14186302955074465, -0.056494559373090406, -1.7574360864837046, -0.21195472337272284, 0.7085250370157999, 0.40268525563885876, 0.0, 0.0), 
(2.30919269676773e-06, 0.1660803049017504, -0.06613868092121007, -1.7892965191216053, -0.24813727152581594, 0.8294765348713814, 0.47142719458150695, 0.0, 0.0), 
(2.6703960897124174e-06, 0.1920585481708241, -0.07648407824862509, -1.8234736946183914, -0.28695084672749477, 0.9592230645494464, 0.5451677284259041, 0.0, 0.0), 
(3.0519732132128e-06, 0.21950209807602752, -0.08741300923535056, -1.8595786387306648, -0.32795370735258966, 1.0962879663353897, 0.6230676079379346, 0.0, 0.0), 
(3.4560705346803914e-06, 0.24856533149663307, -0.0989869518703982, -1.8978144508612944, -0.3713765048177873, 1.2414422648185446, 0.7055650395572282, 0.0, 0.0), 
(3.881330925978269e-06, 0.27915064191626554, -0.11116703600449779, -1.9380527191309538, -0.4170734071734724, 1.3941984710396886, 0.7923829623389913, 0.0, 0.0), 
(4.332125302913655e-06, 0.3115723915927734, -0.12407845110594791, -1.9807070209299524, -0.4655140967999814, 1.5561266454372877, 0.8844137091663288, 0.0, 0.0), 
(4.775122968450333e-06, 0.3434333910953608, -0.13676655690620557, -2.0226235955121634, -0.5131169807742996, 1.7152541920815407, 0.9748527387728385, 0.0, 0.0), 
(5.201394769865984e-06, 0.374091443517415, -0.1489756093161678, -2.0629575637164566, -0.5589225655051582, 1.868373703175855, 1.0618771433415313, 0.0, 0.0), 
(5.608405070479216e-06, 0.40336418239218114, -0.16063298396557843, -2.101469002824639, -0.6026583808913906, 2.0145743620823997, 1.1449692665984808, 0.0, 0.0), 
(5.994261919305656e-06, 0.43111553601079583, -0.1716844925908729, -2.137978895856008, -0.6441211249063707, 2.1531765681126482, 1.2237428622394713, 0.0, 0.0), 
(6.357753387276355e-06, 0.45725834077293587, -0.18209542375800641, -2.172372569711451, -0.6831805681531008, 2.2837449887254793, 1.2979505120556165, 0.0, 0.0), 
(6.699524428252282e-06, 0.48183898264458297, -0.19188424989575437, -2.2047110501225204, -0.7199060149783099, 2.4065112954026615, 1.3677238849153215, 0.0, 0.0), 
(7.0204264931234305e-06, 0.5049186991411757, -0.20107535781203112, -2.2350749016328013, -0.7543889591325961, 2.521781334657062, 1.4332368065477923, 0.0, 0.0), 
(7.318415110928861e-06, 0.5263504491080149, -0.20961019084643864, -2.2632706757747694, -0.7864097093590662, 2.628820719665659, 1.4940718933319617, 0.0, 0.0), 
(7.593019470483742e-06, 0.5461003711591549, -0.21747526427300695, -2.289253824250141, -0.815917674036254, 2.7274603320908097, 1.5501330280419465, 0.0, 0.0), 
(7.844130193282187e-06, 0.5641605986424828, -0.2246674453301824, -2.3130139976312405, -0.8429010997561168, 2.8176608824855234, 1.601397880794992, 0.0, 0.0), 
(8.074075697104625e-06, 0.5806985945572769, -0.23125342333360618, -2.3347715115204855, -0.8676101896462742, 2.9002587531555926, 1.648341803632345, 0.0, 0.0), 
(8.258895941675619e-06, 0.5939911199551494, -0.23654694742995863, -2.352259259580009, -0.8874702867593363, 2.966647346994217, 1.686073297206671, 0.0, 0.0), 
(8.433935258310486e-06, 0.6065801876051572, -0.24156033134018176, -2.368821533247199, -0.9062793616798984, 3.029522570024228, 1.721807991023321, 0.0, 0.0), 
(8.546928588229937e-06, 0.6147068228189071, -0.244796626779808, -2.379512996677651, -0.9184212052887383, 3.070110484534938, 1.7448758487230753, 0.0, 0.0), 
(8.619419198111409e-06, 0.6199204468739634, -0.2468728646457278, -2.3863720803523374, -0.9262107770175978, 3.09614956736218, 1.7596749795612074, 0.0, 0.0), 
(8.691946685078049e-06, 0.6251367231795475, -0.24895015872569703, -2.393234653348099, -0.9340043114210788, 3.1222018966702647, 1.7744816389441982, 0.0, 0.0), 
(8.765039224413343e-06, 0.6303936388262323, -0.25104363673798447, -2.4001506917717763, -0.9418585642536552, 3.148457196341727, 1.7894036551154373, 0.0, 0.0), 
(8.836948337905225e-06, 0.6355654408636557, -0.25310321969059985, -2.406954754080257, -0.9495856505399978, 3.174287402009886, 1.8040840720792417, 0.0, 0.0), 
(8.889591461047527e-06, 0.6393516064594034, -0.25461099629541856, -2.4119358624903016, -0.9552424850516488, 3.1931971428167074, 1.8148312911795452, 0.0, 0.0)
]